Random Seed: 18520072	Solution: [-4.26508e-06 -3.06432e-07 2.83163e-06 -5.68538e-07 0.994958 -1.56063e-06 0.994959 3.31173e-06 0.994958 -0.994957]	Fitness: 3.9798362369
Random Seed: 18520073	Solution: [0.0103867069 0.0031008289 -0.0050346137 0.0047272142 -0.0103418221 0.0181493289 -1.0036037475 -0.0077685817 0.0108901950 -0.9939873810]	Fitness: 2.1596755972
Random Seed: 18520074	Solution: [-0.9922729180 0.0082659560 0.9955775421 0.0076071385 0.9921769971 -0.9976308961 -0.0098128434 -0.0000726817 0.9939294596 0.0015889951]	Fitness: 5.0240917736
Random Seed: 18520075	Solution: [0.0049431388 -0.0053205621 -0.0090279638 0.0015929941 0.0007943036 0.0039347026 0.0092856758 0.0047016699 0.9993862816 0.0083812961]	Fitness: 1.0645952101
Random Seed: 18520076	Solution: [-0.0198762908 0.0146651750 0.9762748552 0.0155931432 -0.0006258260 0.0061829243 0.9958914885 0.0044501768 -0.0159720070 0.9931577121]	Fitness: 3.2860219232
Random Seed: 18520077	Solution: [-0.0001401129 -0.9950519507 0.9951048337 -0.0003294806 -0.0001266243 -0.0000135774 0.9945676315 0.0000157614 0.0006319123 -0.9950845072]	Fitness: 3.9799835692
Random Seed: 18520078	Solution: [-0.0015277872 0.0017373849 0.0011015351 0.0021617758 0.0019504306 -0.0024561825 0.9954503966 -0.9945794340 0.0008954339 0.9957203963]	Fitness: 2.9894090942
Random Seed: 18520079	Solution: [0.0008037223 0.0000962902 0.0001248254 0.9946766791 -0.0001640886 0.9944190242 -0.9947639837 -0.9956405564 0.0005466333 -0.0006514269]	Fitness: 3.9802913535
Random Seed: 18520080	Solution: [-0.0001528986 0.0000516148 -0.9951371447 -0.0000332550 -0.0000690400 -0.9946875272 -0.0000101830 -0.0001305556 -0.9949304065 0.0000665632]	Fitness: 2.9849088351
Random Seed: 18520081	Solution: [-0.0090458454 0.9994562404 0.0007445386 0.0094091113 -0.9924309857 -0.9958042864 -0.0028841209 0.0001939562 0.0038847005 0.9963369280]	Fitness: 4.0241833075
