Random Seed: 18520072	Solution: [0.994959 -4.95486e-10 0.994959 0.994959 4.25516e-10 0.994959 -0.994959 0.994959 1.45738e-09 -1.24496e-09]	Fitness: 5.9697543426
Random Seed: 18520073	Solution: [-0.9949586456 0.9949586397 0.0000000015 -0.0000000045 0.0000000008 -0.9949586363 0.9949586359 -0.0000000010 -0.0000000005 -0.0000000002]	Fitness: 3.9798362284
Random Seed: 18520074	Solution: [0.9949586300 -0.0000000005 -0.9949586423 -0.9949586357 0.9949586349 -0.0000000004 -0.9949586378 -0.9949586375 0.0000000002 0.0000000012]	Fitness: 5.9697543426
Random Seed: 18520075	Solution: [-0.9949586428 -0.9949586423 0.0000000001 -0.9949586398 -0.9949586342 -0.0000000034 -0.0000000036 -0.9949586406 -0.0000000012 -0.0000000002]	Fitness: 4.9747952855
Random Seed: 18520076	Solution: [0.0000000015 0.9949586330 0.9949586452 0.0000000004 0.0000000012 0.0000000031 0.0000000003 0.0000000037 0.9949586362 -0.9949586392]	Fitness: 3.9798362284
Random Seed: 18520077	Solution: [0.9949586414 0.9949586323 0.0000000058 0.0000000047 0.0000000008 0.0000000038 -0.9949586382 -0.9949586351 -1.9899122367 -0.0000000011]	Fitness: 7.9596674189
Random Seed: 18520078	Solution: [-0.9949586343 -0.0000000002 -0.0000000039 -0.0000000019 0.9949586365 -0.9949586359 -0.9949586309 0.9949586367 -0.0000000012 -0.9949586361]	Fitness: 5.9697543426
Random Seed: 18520079	Solution: [0.0000000050 -0.9949586334 -0.9949586455 -0.9949586317 -0.9949586311 -0.9949586380 0.0000000029 0.9949586354 0.9949586359 0.0000000050]	Fitness: 6.9647133997
Random Seed: 18520080	Solution: [0.0000000058 0.0000000029 -0.0000000054 0.9949586400 -0.0000000029 0.0000000030 -0.9949586353 -0.0000000017 0.0000000015 0.9949586362]	Fitness: 2.9848771713
Random Seed: 18520081	Solution: [0.0000000041 -0.9949586365 -0.9949586325 0.9949586367 0.9949586394 -0.9949586401 -0.9949586376 0.9949586389 0.0000000027 -0.0000000012]	Fitness: 6.9647133997
