Random Seed: 18520072	Solution: [1.1177e-05 -0.00695577 0.988942 -0.0026669 0.0102802 -0.00157249 -0.00451315 -9.92393e-05 -0.00349369 1.00431]	Fitness: 2.0533798596
Random Seed: 18520073	Solution: [0.0000000045 0.9949586355 0.9949586341 0.9949586372 -0.0000000003 -0.0000000032 -0.9949586346 -0.9949586404 0.0000000014 0.9949586387]	Fitness: 5.9697543426
Random Seed: 18520074	Solution: [-0.9949564051 0.0000002667 -0.0000005706 0.9949568275 -0.0000002583 0.0000005116 0.9949597283 -0.0000004435 -0.0000016572 -0.0000004939]	Fitness: 2.9848771739
Random Seed: 18520075	Solution: [0.9949562856 0.9949580268 0.0000031880 -0.0000037136 0.9949599007 -0.0000018858 0.9949546065 -0.0000031860 0.0000003279 -0.0000021752]	Fitness: 3.9798362415
Random Seed: 18520076	Solution: [-0.0003830925 -0.9973875843 -0.0018925736 0.9969378356 0.9967259157 -0.9943077223 -0.0018723235 0.0000042286 -0.0000142303 -0.0003937384]	Fitness: 3.9839525197
Random Seed: 18520077	Solution: [0.9949577505 -0.0005797411 0.9950178473 0.9945997093 0.0000205625 -0.9951443923 -0.9945865761 -0.0002136757 -0.0001979485 0.0003905344]	Fitness: 4.9749696706
Random Seed: 18520078	Solution: [-0.0000000020 0.0000000064 -0.9949586453 0.9949586353 0.9949586361 0.0000000039 0.9949586306 -0.0000000028 -0.9949586374 -0.0000000001]	Fitness: 4.9747952855
Random Seed: 18520079	Solution: [0.0000000045 -0.9949586385 0.0000000047 -0.0000000038 -0.9949586369 -0.9949586343 0.0000000016 0.9949586358 0.0000000065 0.9949586375]	Fitness: 4.9747952855
Random Seed: 18520080	Solution: [0.0001194822 0.0003369326 0.0001344437 0.0000395131 -0.9949338859 -0.9949617976 -0.0003087765 0.9951659565 0.9950178958 0.0001151180]	Fitness: 3.9798963656
Random Seed: 18520081	Solution: [-0.0000000064 -0.0000000013 -0.9949586328 0.0000000047 0.0000000050 0.9949586370 0.0000000004 -0.0000000021 -0.9949586381 -0.0000000009]	Fitness: 2.9848771713
