Random Seed: 18520072	Solution: [-0.00252698 0.00304463 0.995784 -0.00520138 0.00241218 0.00953951 -0.985353 -1.00169 -0.00150794 -0.989391]	Fitness: 4.0415093324
Random Seed: 18520073	Solution: [1.0488477604 0.0061040071 0.0170423716 -0.9853463233 1.0113901515 0.9701150594 0.0008318438 -0.0237459612 0.0046854331 0.9625717697]	Fitness: 6.1289685639
Random Seed: 18520074	Solution: [0.0215324728 0.0130643757 -0.0057326136 0.0004486497 0.0158925620 -0.9989555076 -1.0014952681 0.9879419278 -0.0059387842 0.0114510535]	Fitness: 3.2215897894
Random Seed: 18520075	Solution: [1.0159226305 0.9973707795 -0.0054103836 0.9952372741 0.9626053494 -0.9844033710 0.0026939281 1.0026204856 0.0052696644 -0.0117677497]	Fitness: 6.3384036947
Random Seed: 18520076	Solution: [0.0016391137 -0.0186971942 -0.9808507968 -1.0148212735 0.9532078944 -1.0077349719 -0.0070506126 1.0041377826 -0.0047049282 -0.0073468095]	Fitness: 5.5790230164
Random Seed: 18520077	Solution: [0.0106630316 -0.0073382722 -0.0036351186 -0.0068203651 0.0087938861 -0.9766966563 2.0049312273 0.9820125941 1.0121421954 -0.0056538975]	Fitness: 7.2339115757
Random Seed: 18520078	Solution: [-0.9952943725 -0.0025498334 -0.0130523139 -0.9619008251 0.9818327515 -0.0003891581 -1.0197429584 0.0031206221 0.9782155514 0.0048203579]	Fitness: 5.4432596293
Random Seed: 18520079	Solution: [0.0361555059 -0.9983896242 -0.0244460865 0.0283438649 -0.9859358468 -0.9606762496 1.0107829333 -0.0141732998 -0.0037823815 0.0358835315]	Fitness: 5.1121686546
Random Seed: 18520080	Solution: [-0.0056129578 -0.0056468947 0.0058021822 -1.0003879557 0.0002527573 0.0006619653 -0.0106147163 0.0030573715 0.0074608774 0.9875964010]	Fitness: 2.0610996682
Random Seed: 18520081	Solution: [0.0204043924 1.0489112421 -0.0162033695 0.9758324948 0.0183249806 0.9837142951 -0.0342605496 0.0276434446 -0.9775581089 0.0048215153]	Fitness: 5.2998110480
