Random Seed: 18520072	Solution: [0.000572776 0.00199358 -0.00254112 0.993266 0.00478569 0.000838558 -0.992944 0.0015522 0.990211 0.997142]	Fitness: 3.9939179384
Random Seed: 18520073	Solution: [0.0221420918 0.0019441684 -0.0043570899 -0.0451969827 -0.0015431431 0.9412516913 -0.0347700289 -1.0179751383 -0.9917998459 -0.9618379169]	Fitness: 5.6112400713
Random Seed: 18520074	Solution: [-0.0010008531 0.9712998026 -0.0136236633 -0.0121211765 0.0096993570 0.0027541232 0.0161316171 0.0316603317 -1.0244181004 -0.9939450072]	Fitness: 3.6037254051
Random Seed: 18520075	Solution: [-0.0190521807 -0.0248136171 -0.0225405359 0.0301843762 0.9504850650 0.0667207568 0.9942223273 -0.0053001069 -0.0486933365 0.0409108938]	Fitness: 4.5261738478
Random Seed: 18520076	Solution: [0.9911717618 0.0004060160 0.0008761218 -0.9925729741 -0.0020170944 -0.9964859269 -0.0018719540 0.0019591771 -0.0008223364 -0.9953469443]	Fitness: 3.9868828624
Random Seed: 18520077	Solution: [0.0015408898 -0.9948259336 -0.9917328743 -0.0006758628 0.9944112077 0.9952638564 0.9989408188 0.0008385108 0.0000682521 0.0009457519]	Fitness: 4.9809641944
Random Seed: 18520078	Solution: [-0.0021157084 0.9987545134 -0.0029146901 0.0020157070 -0.9973224109 0.9959163256 0.9914647429 -0.0047798085 -0.0018043400 0.0007319258]	Fitness: 3.9950677864
Random Seed: 18520079	Solution: [-0.0035112240 -0.0003215387 -0.0022802034 0.0028843777 0.9965046224 0.0022471689 -0.0035890663 -0.9963950795 -0.9967952806 0.9943977929]	Fitness: 3.9901563289
Random Seed: 18520080	Solution: [-0.9983437609 -0.9993927709 0.0015572095 0.9951322767 -1.0158468648 0.0127302754 -0.0179643974 0.0173524523 -0.0083653323 -0.9745008366]	Fitness: 5.3203838525
Random Seed: 18520081	Solution: [1.0003263283 -1.0347041165 0.0265475736 -0.0058652946 -0.9792362999 0.0100378232 0.9800065733 0.0058459273 0.0065714149 -0.0204881172]	Fitness: 4.6559943583
