Random Seed: 18520072	Solution: [1 1 1 1 1 1 1 1 1 1]	Fitness: 0.0000000000
Random Seed: 18520073	Solution: [1.0000000000 1.0000000000 1.0000000000 1.0000000000 1.0000000000 1.0000000000 1.0000000000 1.0000000000 1.0000000000 1.0000000000]	Fitness: 0.0000000000
Random Seed: 18520074	Solution: [0.9999999999 1.0000000000 1.0000000000 1.0000000001 1.0000000001 0.9999999999 1.0000000001 1.0000000001 1.0000000000 0.9999999998]	Fitness: 0.0000000000
Random Seed: 18520075	Solution: [1.0000000000 1.0000000000 1.0000000000 1.0000000000 1.0000000000 1.0000000000 1.0000000000 0.9999999999 0.9999999999 0.9999999997]	Fitness: 0.0000000000
Random Seed: 18520076	Solution: [1.0000000000 1.0000000000 1.0000000000 1.0000000000 1.0000000000 1.0000000000 1.0000000000 1.0000000000 1.0000000000 1.0000000000]	Fitness: 0.0000000000
Random Seed: 18520077	Solution: [1.0000000001 1.0000000000 1.0000000002 1.0000000001 1.0000000002 1.0000000003 1.0000000008 1.0000000018 1.0000000035 1.0000000068]	Fitness: 0.0000000000
Random Seed: 18520078	Solution: [0.9999999997 0.9999999996 0.9999999992 0.9999999996 0.9999999995 0.9999999986 0.9999999971 0.9999999944 0.9999999880 0.9999999765]	Fitness: 0.0000000000
Random Seed: 18520079	Solution: [1.0000000105 1.0000000159 1.0000000131 1.0000000094 1.0000000234 1.0000000158 1.0000000281 1.0000000435 1.0000000724 1.0000001509]	Fitness: 0.0000000000
Random Seed: 18520080	Solution: [0.9999995066 1.0000001048 1.0000004391 0.9999999073 0.9999984409 0.9999981330 0.9999966707 0.9999936626 0.9999870036 0.9999747647]	Fitness: 0.0000000009
Random Seed: 18520081	Solution: [1.0000000000 0.9999999998 1.0000000000 0.9999999999 1.0000000002 1.0000000002 1.0000000004 1.0000000006 1.0000000011 1.0000000018]	Fitness: 0.0000000000
