Random Seed: 18520072	Solution: [-0.943207 0.974239 0.993845 0.999624 1.03941 0.992078 0.960755 1.04615 1.14648 1.23028]	Fitness: 8.2234050154
Random Seed: 18520073	Solution: [1.0252572920 0.9880214678 0.9344872539 0.9029239714 0.8804214504 0.7302176723 0.5523533963 0.3168179235 0.0948968958 0.0514126724]	Fitness: 3.1077735929
Random Seed: 18520074	Solution: [0.3247945808 0.0698364438 0.0553966993 0.0239950938 -0.0082697089 -0.0249669042 0.0434488538 -0.0582382224 0.0432393515 -0.0112874841]	Fitness: 9.4010355767
Random Seed: 18520075	Solution: [0.9007162070 0.8158632488 0.6476129619 0.4519106964 0.2176786173 0.0808826118 -0.0128698745 0.0158926328 0.0140586559 -0.0247363903]	Fitness: 5.3058077624
Random Seed: 18520076	Solution: [0.9629344016 1.0107510853 0.9427382623 0.8814844168 0.6958297930 0.4901225906 0.3441376822 0.2136504876 0.0224872683 0.0813340455]	Fitness: 7.0563463131
Random Seed: 18520077	Solution: [1.0039891996 1.0107403857 0.9815593483 0.9437235396 0.9016639295 0.8076507271 0.6446129253 0.4299436551 0.1986147248 0.0287026375]	Fitness: 1.4160388953
Random Seed: 18520078	Solution: [0.3309140784 0.1170252152 0.0116982381 0.0669138516 -0.0275059812 -0.0057330182 0.0079455129 -0.0065831616 -0.0107833982 -0.0350924528]	Fitness: 8.8658862144
Random Seed: 18520079	Solution: [-0.9197648266 0.8946660095 0.7803568382 0.5951992856 0.3473094196 0.0775908191 -0.0041275434 0.0542232602 -0.0458724204 -0.0369981658]	Fitness: 9.3638372294
Random Seed: 18520080	Solution: [0.2890847774 0.0223582725 0.0502707271 0.0100804876 -0.0237791231 0.0311504265 0.0592675749 -0.0138178011 0.0002395968 -0.0246767717]	Fitness: 9.4516937629
Random Seed: 18520081	Solution: [-0.9796319204 0.9549253230 0.8862950319 0.7825027231 0.6072551561 0.3815526838 0.1485788616 0.0620684174 0.0254216280 -0.0218887657]	Fitness: 7.4180799657
