Random Seed: 18520072	Solution: [1.00083 1.00095 1.00121 1.00106 0.987909 0.975443 0.94786 0.898864 0.805603 0.64485]	Fitness: 0.0756257786
Random Seed: 18520073	Solution: [1.0028437748 1.0015704205 0.9990078484 0.9944814870 0.9871353010 0.9772114761 0.9475185250 0.8993246689 0.8032888199 0.6525446673]	Fitness: 0.0721439284
Random Seed: 18520074	Solution: [1.0022324289 0.9973148624 0.9937520925 0.9685743242 0.9503884546 0.8912283686 0.8096480100 0.6410459898 0.4099788473 0.1697495639]	Fitness: 0.6440947069
Random Seed: 18520075	Solution: [0.9985367964 1.0067044096 1.0166336202 1.0243016851 1.0335426018 1.0602784788 1.1143493574 1.2247366417 1.5372329151 2.3642630488]	Fitness: 0.5851179556
Random Seed: 18520076	Solution: [-0.9834355055 1.0091100220 1.0080524637 1.0142541281 1.0371423184 1.0715479350 1.1639922383 1.3632109854 1.8597604420 3.4368269031]	Fitness: 5.1145684387
Random Seed: 18520077	Solution: [0.9755106640 0.9558374107 0.9138860475 0.8451342003 0.6958187417 0.4722900007 0.2118150434 0.0463570688 0.0165287003 0.0076739695]	Fitness: 3.0016108131
Random Seed: 18520078	Solution: [1.0045022640 1.0114275039 0.9990491983 0.9921192887 1.0053894044 1.0171498267 1.0455627771 1.1044909106 1.2162185842 1.4805044870]	Fitness: 0.1965315268
Random Seed: 18520079	Solution: [0.9757289752 0.9623639548 0.9339095099 0.8884713316 0.7882533168 0.6080598387 0.3481101037 0.1165512044 0.0280845919 -0.0054531038]	Fitness: 2.5021282449
Random Seed: 18520080	Solution: [-0.9877767477 0.9900856551 0.9883762515 0.9806264412 0.9629930684 0.9221000498 0.8485147539 0.7169574691 0.5063021896 0.2468797877]	Fitness: 4.3538473596
Random Seed: 18520081	Solution: [0.9943615695 0.9996632772 1.0001677311 0.9949097064 0.9873114125 0.9719726823 0.9428756793 0.8859974887 0.7772939621 0.5977811477]	Fitness: 0.0944901145
