Random Seed: 18520072	Solution: [1 1 1 1 1 1 1 1 1 1]	Fitness: 0.0000000000
Random Seed: 18520073	Solution: [1.0000000000 1.0000000000 1.0000000000 1.0000000000 1.0000000000 1.0000000000 1.0000000000 1.0000000000 1.0000000000 1.0000000000]	Fitness: 0.0000000000
Random Seed: 18520074	Solution: [1.0000000000 1.0000000000 1.0000000000 1.0000000000 1.0000000000 1.0000000000 1.0000000000 1.0000000000 1.0000000000 1.0000000000]	Fitness: 0.0000000000
Random Seed: 18520075	Solution: [1.0000000000 1.0000000000 1.0000000000 1.0000000000 1.0000000000 1.0000000000 1.0000000000 1.0000000000 1.0000000000 1.0000000000]	Fitness: 0.0000000000
Random Seed: 18520076	Solution: [1.0000000000 1.0000000000 1.0000000000 1.0000000000 1.0000000000 1.0000000000 1.0000000000 1.0000000000 1.0000000000 1.0000000000]	Fitness: 0.0000000000
Random Seed: 18520077	Solution: [1.0000000000 1.0000000000 1.0000000000 1.0000000000 1.0000000000 1.0000000000 1.0000000000 1.0000000000 1.0000000000 1.0000000000]	Fitness: 0.0000000000
Random Seed: 18520078	Solution: [-0.9932633736 0.9966060400 0.9982406110 0.9989884337 0.9992261536 0.9990736490 0.9984541769 0.9970562513 0.9941793742 0.9883926292]	Fitness: 3.9865791123
Random Seed: 18520079	Solution: [1.0000000000 1.0000000000 1.0000000000 1.0000000000 1.0000000000 1.0000000000 1.0000000000 1.0000000000 1.0000000000 1.0000000000]	Fitness: 0.0000000000
Random Seed: 18520080	Solution: [1.0000000000 1.0000000000 1.0000000000 1.0000000000 1.0000000000 1.0000000000 1.0000000000 1.0000000000 1.0000000000 1.0000000000]	Fitness: 0.0000000000
Random Seed: 18520081	Solution: [1.0000000000 1.0000000000 1.0000000000 1.0000000000 1.0000000000 1.0000000000 1.0000000000 1.0000000000 1.0000000000 1.0000000000]	Fitness: 0.0000000000
