Random Seed: 18520072	Solution: [0.995014 1.0112 0.989741 0.990321 0.98946 0.975556 0.942021 0.880749 0.762009 0.574469]	Fitness: 0.2842800559
Random Seed: 18520073	Solution: [0.9999585871 0.9999844162 0.9996842067 0.9997280645 0.9996494506 0.9996612828 0.9994318285 0.9984790177 0.9972984938 0.9944968568]	Fitness: 0.0000772855
Random Seed: 18520074	Solution: [1.0007771672 0.9945987518 1.0007420019 0.9964655858 0.9919492663 0.9856594757 0.9748397065 0.9469407632 0.8930791556 0.7922847706]	Fitness: 0.0425578813
Random Seed: 18520075	Solution: [1.0002771024 0.9998676444 0.9999595956 0.9995103134 0.9991496199 0.9990806541 0.9981032912 0.9966674011 0.9926038748 0.9845806472]	Fitness: 0.0003256108
Random Seed: 18520076	Solution: [0.9999950639 0.9999947820 0.9999974877 0.9999950097 0.9999941394 0.9999953974 0.9999942186 0.9999897239 0.9999851562 0.9999700274]	Fitness: 0.0000000203
Random Seed: 18520077	Solution: [0.9937358005 0.9869877997 0.9905560584 0.9655281109 0.9604566083 0.9270911370 0.8661260333 0.7415420431 0.5525471965 0.2939773949]	Fitness: 0.4519410888
Random Seed: 18520078	Solution: [1.0002712784 0.9999110108 0.9996965993 0.9998942722 0.9986579757 0.9981214403 0.9943854145 0.9884677975 0.9787464687 0.9582067439]	Fitness: 0.0015266420
Random Seed: 18520079	Solution: [0.9976396995 1.0056300368 1.0017268272 0.9888258014 0.9669269793 0.9335273572 0.8643537392 0.7493999821 0.5559956849 0.2970671224]	Fitness: 0.3605374042
Random Seed: 18520080	Solution: [1.0000000234 1.0000000280 0.9999999432 0.9999999711 0.9999998697 0.9999997824 0.9999995846 0.9999992102 0.9999984845 0.9999969357]	Fitness: 0.0000000000
Random Seed: 18520081	Solution: [-0.9931735513 0.9965529467 0.9979393826 0.9990287917 0.9991557436 0.9994440161 0.9992310640 0.9983445974 0.9967468706 0.9937325692]	Fitness: 3.9866753614
