Random Seed: 18520072	Solution: [0.994959 -3.27496e-09 -0.994959 -0.994959 0.994959 1.98991 -1.46431e-09 0.994959 -1.98991 -0.994959]	Fitness: 13.9294167237
Random Seed: 18520073	Solution: [-0.0000000052 0.9949586329 -2.9848556982 0.0000000016 0.9949586365 0.9949586378 -0.9949586377 2.9848556999 0.0000000016 0.0000000030]	Fitness: 21.8890387113
Random Seed: 18520074	Solution: [0.9949586421 -0.9949586304 0.9949586320 -0.0000000015 0.9949586382 -0.9949586405 -1.9899122346 -1.9899122361 0.9949586361 0.9949586376]	Fitness: 14.9243757808
Random Seed: 18520075	Solution: [-1.9899122327 -0.0000000050 -0.9949586442 0.0000000018 0.9949586390 -0.9949586396 -0.9949586388 -1.9899122340 0.9949586354 -0.0000000016]	Fitness: 12.9344576666
Random Seed: 18520076	Solution: [0.9949586452 0.0000000003 -0.0000000058 2.9848557031 0.0000000028 -0.9949586385 -0.9949586407 -0.9949586400 -0.9949586357 -1.9899122350]	Fitness: 17.9092277175
Random Seed: 18520077	Solution: [1.9899122269 -0.9949586368 0.0000000027 2.9848556971 -0.0000000001 -1.9899122310 -0.9949586342 -0.9949586383 1.9899122324 -0.9949586388]	Fitness: 24.8739310415
Random Seed: 18520078	Solution: [-0.9949586346 0.9949586437 -0.0000000023 0.9949586379 -0.0000000033 0.9949586344 -0.9949586371 -0.9949586378 -0.0000000003 0.0000000006]	Fitness: 5.9697543426
Random Seed: 18520079	Solution: [-0.9949586433 -0.9949586411 -0.9949586434 -2.9848556984 -1.9899122325 -0.0000000024 -0.0000000029 -0.9949586383 -0.9949586354 -0.9949586365]	Fitness: 18.9041867746
Random Seed: 18520080	Solution: [0.0000000048 -0.9949586440 -1.9899122311 -0.9949586376 0.9949586364 -0.0000000008 -0.9949586335 -1.9899122343 1.9899122353 2.9848557014]	Fitness: 24.8739310415
Random Seed: 18520081	Solution: [1.9899122346 -0.0000000017 -1.9899122313 0.0000000013 -0.9949586397 -0.0000000032 -0.9949586335 1.9899122328 -0.9949586387 -0.9949586400]	Fitness: 15.9193298000
