Random Seed: 18520072	Solution: [2.14353e-09 1.44697e-09 -1.0153e-09 -2.07268e-09 -1.98991 1.16411e-09 0.994959 0.994959 -1.3097e-10 -1.38804e-09]	Fitness: 5.9697493047
Random Seed: 18520073	Solution: [-0.9949586436 1.9899122360 -0.9949586448 -0.9949586442 -0.9949586383 -1.9899122351 -0.0000000015 1.9899122308 -0.9949586380 -0.0000000027]	Fitness: 16.9142888571
Random Seed: 18520074	Solution: [-0.9949586373 -0.0000000046 0.9949586411 0.0000000037 0.9949586383 0.9949586387 -1.9899122330 0.9949586352 1.9899122335 0.0000000016]	Fitness: 12.9344576666
Random Seed: 18520075	Solution: [0.9949586316 0.0000000002 -0.0000000000 -0.0000000022 -0.0000000045 -0.9949586397 0.0000000034 -0.9949586357 1.9899122330 0.9949586374]	Fitness: 7.9596674189
Random Seed: 18520076	Solution: [0.9949586401 -0.9949586327 -0.9949586333 0.0000000004 -0.9949586375 -0.9949586340 -0.0000000032 -1.9899122342 -0.0000000004 -1.9899122329]	Fitness: 12.9344576666
Random Seed: 18520077	Solution: [-0.9949586432 0.9949586427 -0.0000000044 -0.0000000011 0.0000000035 -1.9899122359 0.0000000013 -0.9949586381 -0.9949586345 -0.0000000005]	Fitness: 7.9596674189
Random Seed: 18520078	Solution: [0.9949586416 0.9949586366 -1.9899122316 0.0000000010 1.9899122320 0.0000000010 0.9949586388 1.9899122335 -0.9949586389 -0.9949586380]	Fitness: 16.9142888571
Random Seed: 18520079	Solution: [0.0000000035 -0.0000000040 0.9949586374 0.0000000049 1.9899122346 0.9949586370 -1.9899122353 -0.0000000006 0.9949586380 -1.9899122337]	Fitness: 14.9243707429
Random Seed: 18520080	Solution: [-0.0000000051 -0.9949586412 0.9949586328 0.9949586382 -0.0000000003 -1.9899122332 -1.9899122336 0.0000000028 -0.9949586382 0.9949586365]	Fitness: 12.9344576666
Random Seed: 18520081	Solution: [-0.9949586442 -0.9949586315 0.9949586304 0.9949586379 1.9899122343 0.0000000006 -0.9949586401 0.0000000008 -0.9949586359 -0.9949586374]	Fitness: 10.9445445902
