Random Seed: 18520072	Solution: [-0.994959 -0.994959 3.04673e-11 -2.98486 0.994959 -2.85485e-09 2.28935e-09 0.994959 -2.25423e-09 -0.994959]	Fitness: 13.9293965270
Random Seed: 18520073	Solution: [-0.0000000046 -3.9797838607 -0.9949586312 0.9949586383 0.9949586331 1.9899122338 0.9949586401 0.0000000046 -0.9949586362 0.0000000003]	Fitness: 24.8738702685
Random Seed: 18520074	Solution: [-1.9899122344 -1.9899122284 0.9949586431 0.9949586381 -0.9949586358 -0.9949586349 -0.9949586377 0.0000000010 0.9949586365 -0.9949586388]	Fitness: 14.9243757808
Random Seed: 18520075	Solution: [-0.9949586407 -0.0000000033 0.0000000034 -0.9949586372 -1.9899122363 1.9899122349 0.0000000012 1.9899122355 -0.9949586382 0.9949586389]	Fitness: 15.9193298000
Random Seed: 18520076	Solution: [-1.9899122312 -0.0000000038 -0.9949586363 0.0000000057 0.0000000042 0.0000000026 1.9899122350 -1.9899122329 1.9899122324 0.9949586384]	Fitness: 17.9092428764
Random Seed: 18520077	Solution: [-0.0000000059 -0.0000000034 -0.9949586355 0.9949586399 -1.9899122296 2.9848556970 -0.0000000029 0.9949586370 -0.0000000026 0.9949586385]	Fitness: 16.9142686604
Random Seed: 18520078	Solution: [-0.9949586297 0.9949586339 -2.9848557065 -0.9949586371 0.9949586358 -0.0000000028 0.0000000023 -1.9899122349 0.0000000035 -0.0000000017]	Fitness: 16.9142686604
Random Seed: 18520079	Solution: [-1.9899122338 -0.9949586403 -1.9899122342 -0.0000000047 0.9949586377 -1.9899122343 -0.0000000019 1.9899122375 0.0000000030 -1.9899122346]	Fitness: 21.8890740670
Random Seed: 18520080	Solution: [-1.9899122371 -0.0000000027 0.9949586363 -1.9899122345 -0.0000000041 -0.0000000013 1.9899122268 1.9899122336 0.9949586386 0.9949586387]	Fitness: 18.9042019335
Random Seed: 18520081	Solution: [0.9949586372 -0.9949586415 0.0000000042 0.0000000004 1.9899122309 0.9949586358 1.9899122342 0.9949586372 -0.0000000010 0.9949586376]	Fitness: 12.9344576666
