Random Seed: 18520072	Solution: [-0.994959 0.994959 1.98991 0.994959 -1.98991 0.994959 2.98486 -4.88586e-09 0.994959 -0.994959]	Fitness: 22.8840179652
Random Seed: 18520073	Solution: [-0.0000000038 -2.9848557053 -0.9949586338 0.9949586433 0.9949586364 0.9949586361 0.9949586383 0.9949586415 -0.9949586391 0.9949586358]	Fitness: 16.9142736982
Random Seed: 18520074	Solution: [-0.0000000023 0.9949586356 0.9949586453 0.9949586382 -0.0000000006 -0.0000000025 -1.9899122334 -0.9949586373 0.9949586369 1.9899122329]	Fitness: 12.9344576666
Random Seed: 18520075	Solution: [-0.0000000051 -0.9949586435 1.9899122328 1.9899122351 -0.9949586392 -0.0000000034 0.9949586363 -0.0000000016 0.9949586370 -0.0000000008]	Fitness: 11.9394986095
Random Seed: 18520076	Solution: [0.0000000049 -0.0000000063 -0.9949586398 -0.0000000048 -0.0000000031 -0.9949586377 -0.9949586395 0.0000000019 0.9949586374 0.0000000014]	Fitness: 3.9798362284
Random Seed: 18520077	Solution: [-0.0000000006 2.9848557017 -1.9899122340 -1.9899122332 -0.9949586421 0.0000000039 0.9949586399 -1.9899122323 -0.9949586368 -0.9949586381]	Fitness: 24.8739310415
Random Seed: 18520078	Solution: [-0.9949586387 -0.0000000036 -1.9899122334 -0.0000000011 -0.0000000020 -0.0000000003 1.9899122340 -0.0000000020 -0.9949586378 1.9899122341]	Fitness: 13.9294116858
Random Seed: 18520079	Solution: [0.9949586338 0.9949586298 -0.9949586373 0.0000000028 0.9949586377 2.9848557023 -0.9949586390 -0.0000000015 0.9949586384 -1.9899122348]	Fitness: 18.9041867746
Random Seed: 18520080	Solution: [-1.9899122340 -1.9899122333 0.9949586453 -1.9899122320 0.9949586399 -0.9949586402 -1.9899122319 -0.0000000035 -0.0000000021 0.9949586397]	Fitness: 19.8991609906
Random Seed: 18520081	Solution: [-0.9949586348 -0.0000000001 1.9899122332 1.9899122353 0.0000000016 -0.9949586392 1.9899122306 -0.0000000020 0.0000000001 0.0000000016]	Fitness: 13.9294116858
