Random Seed: 18520072	Solution: [-0.994959 -0.994959 4.05533e-09 -1.49716e-09 0.994959 3.32666e-09 -7.26997e-10 -0.994959 0.994959 3.97978]	Fitness: 20.8940390779
Random Seed: 18520073	Solution: [-0.9949586374 0.9949586414 -0.0000000034 1.9899122337 -0.9949586389 0.9949586361 0.0000000040 1.9899122316 -0.9949586399 0.9949586371]	Fitness: 13.9294167237
Random Seed: 18520074	Solution: [1.9899122268 0.9949586382 -0.0000000042 -2.9848556997 0.9949586303 1.9899122303 1.9899122379 -0.9949586396 -0.9949586361 0.0000000007]	Fitness: 24.8739310415
Random Seed: 18520075	Solution: [-0.0000000063 -1.9899122337 -0.0000000008 -0.9949586411 -0.9949586378 -1.9899122327 -0.9949586373 -1.9899122335 0.0000000033 0.9949586384]	Fitness: 15.9193298000
Random Seed: 18520076	Solution: [-0.0000000037 0.0000000102 -0.9949586377 -0.9949586400 1.9899122340 -0.9949586358 -0.9949586361 0.0000000040 -0.0000000015 0.9949586360]	Fitness: 8.9546264760
Random Seed: 18520077	Solution: [0.0000000032 -0.0000000019 1.9899122341 0.9949586381 1.9899122355 1.9899122343 0.0000000026 -0.0000000038 -0.9949586365 1.9899122363]	Fitness: 17.9092428764
Random Seed: 18520078	Solution: [0.0000000040 0.0000000002 -0.9949586433 0.0000000020 -0.9949586388 -0.9949586386 0.0000000024 -0.0000000013 -0.9949586380 0.9949586393]	Fitness: 4.9747952855
Random Seed: 18520079	Solution: [0.9949586383 0.9949586418 -0.9949586456 1.9899122315 0.9949586346 1.9899122319 -0.9949586337 0.9949586371 -2.9848557020 0.9949586319]	Fitness: 23.8789770222
Random Seed: 18520080	Solution: [-0.9949586454 0.9949586405 -1.9899122311 -0.9949586398 0.9949586387 0.9949586357 1.9899122333 -0.9949586406 0.9949586289 -1.9899122326]	Fitness: 18.9042069713
Random Seed: 18520081	Solution: [-1.9899122337 -0.9949586303 -0.0000000016 -1.9899122353 1.9899122312 2.9848557024 0.0000000003 -0.9949586440 1.9899122365 0.9949586346]	Fitness: 27.8588031750
