Random Seed: 18520072	Solution: [0.919952 0.844592 0.743753 0.54826 0.266185 0.0164304 -1.55951 2.9373 8.71611 75.984]	Fitness: 341.7747302424
Random Seed: 18520073	Solution: [-1.3469077807 1.2307292405 1.3702595548 1.3634048052 1.4031915422 0.9497178537 0.6053332829 0.4654573667 -2.5630704116 6.2581890803]	Fitness: 998.4912259206
Random Seed: 18520074	Solution: [0.8990355449 0.8003468449 0.6089240084 0.3178623587 0.0267999536 -0.8810164000 1.3134210451 1.9329173608 3.7901129477 14.3633165143]	Fitness: 126.0629286565
Random Seed: 18520075	Solution: [-0.9331903453 0.8823517558 0.7851628446 0.6182655446 0.3766895032 0.1362731335 0.0251306549 0.0323672397 0.0132267200 -0.0091377578]	Fitness: 8.0906079514
Random Seed: 18520076	Solution: [-0.9798857685 0.9860942145 0.9678766918 0.9390754849 0.8901731768 0.8168592646 0.6416358023 0.4022734104 0.1630561816 0.0515584249]	Fitness: 5.4301263800
Random Seed: 18520077	Solution: [1.0000000000 1.0000000000 1.0000000000 1.0000000000 1.0000000000 1.0000000000 1.0000000000 1.0000000000 1.0000000000 1.0000000000]	Fitness: 0.0000000000
Random Seed: 18520078	Solution: [-1.0028712733 0.9904080406 0.9789368801 0.9660387230 0.9204200389 0.8308871645 0.7017793071 0.4815764163 0.2311029161 0.0391077025]	Fitness: 5.1152874392
Random Seed: 18520079	Solution: [0.8870419577 0.7691634707 0.5521266094 0.2836882515 0.0717848568 -0.0123140690 0.0588747065 -0.0024600353 0.0069903312 0.0067882343]	Fitness: 6.1705801310
Random Seed: 18520080	Solution: [1.0077598515 0.9885466630 1.0452507158 1.0379452996 1.0103576543 1.0163124477 0.8806295801 0.6672051308 0.3431532862 0.1054135393]	Fitness: 6.3922001586
Random Seed: 18520081	Solution: [-0.9581030195 0.9369634877 0.8769927406 0.7621514182 0.5842778667 0.3328889447 0.0817578927 0.0105169061 0.0195006034 0.0061863707]	Fitness: 7.4876094506
