Random Seed: 18520072	Solution: [1 1 1 1 1 1 1 1 1 1]	Fitness: 0.0000000000
Random Seed: 18520073	Solution: [1.0000000000 1.0000000000 1.0000000000 1.0000000000 1.0000000000 1.0000000000 1.0000000000 1.0000000000 1.0000000000 1.0000000000]	Fitness: 0.0000000000
Random Seed: 18520074	Solution: [1.0000000000 1.0000000000 1.0000000000 1.0000000000 1.0000000000 1.0000000000 1.0000000000 1.0000000000 1.0000000000 1.0000000000]	Fitness: 0.0000000000
Random Seed: 18520075	Solution: [1.0000000000 1.0000000000 1.0000000000 1.0000000000 1.0000000000 1.0000000000 1.0000000000 1.0000000000 1.0000000000 1.0000000000]	Fitness: 0.0000000000
Random Seed: 18520076	Solution: [1.0000000000 1.0000000000 1.0000000000 1.0000000000 1.0000000000 1.0000000000 1.0000000000 1.0000000000 1.0000000000 1.0000000000]	Fitness: 0.0000000000
Random Seed: 18520077	Solution: [-0.9932633732 0.9966060398 0.9982406119 0.9989884339 0.9992261534 0.9990736482 0.9984541768 0.9970562504 0.9941793725 0.9883926252]	Fitness: 3.9865791123
Random Seed: 18520078	Solution: [1.0000000000 1.0000000000 1.0000000000 1.0000000000 1.0000000000 1.0000000000 1.0000000000 1.0000000000 1.0000000000 1.0000000000]	Fitness: 0.0000000000
Random Seed: 18520079	Solution: [1.0000000000 1.0000000000 1.0000000000 1.0000000000 1.0000000000 1.0000000000 1.0000000000 1.0000000000 1.0000000000 1.0000000000]	Fitness: 0.0000000000
Random Seed: 18520080	Solution: [1.0000000000 1.0000000000 1.0000000000 1.0000000000 1.0000000000 1.0000000000 1.0000000000 1.0000000000 1.0000000000 1.0000000000]	Fitness: 0.0000000000
Random Seed: 18520081	Solution: [-0.9932633726 0.9966060390 0.9982406112 0.9989884339 0.9992261535 0.9990736471 0.9984541760 0.9970562485 0.9941793695 0.9883926176]	Fitness: 3.9865791123
