Random Seed: 18520072	Solution: [1 1 1 1 1 1 1 1 1 1]	Fitness: 0.0000000000
Random Seed: 18520073	Solution: [0.9810329585 0.9668177893 0.9293359378 0.8654018070 0.7274818285 0.5139464190 0.2462038364 0.0450989416 0.0088369542 0.0173194857]	Fitness: 2.9626078753
Random Seed: 18520074	Solution: [0.9820920705 1.0104602085 0.9590579851 0.9746042877 0.9529597300 0.9680449748 0.8670775540 0.7912711667 0.6988249145 0.4818141071]	Fitness: 2.5926293514
Random Seed: 18520075	Solution: [-0.0752255183 0.0126439228 0.0038745850 0.0064933680 0.0013928749 0.0224498799 0.0042504131 0.0397147228 0.0371031472 0.0039697213]	Fitness: 9.2508556826
Random Seed: 18520076	Solution: [0.9002395240 0.8032607978 0.6427726419 0.3992646437 0.1611944932 0.0207389557 0.0149132052 0.0175026105 -0.0107932465 0.0303939167]	Fitness: 5.3400401572
Random Seed: 18520077	Solution: [1.0000000000 1.0000000000 1.0000000000 1.0000000000 1.0000000000 1.0000000000 1.0000000000 1.0000000000 1.0000000000 1.0000000000]	Fitness: 0.0000000000
Random Seed: 18520078	Solution: [1.0000000000 1.0000000000 1.0000000000 1.0000000000 1.0000000000 1.0000000000 1.0000000000 1.0000000000 1.0000000000 1.0000000000]	Fitness: 0.0000000000
Random Seed: 18520079	Solution: [1.0000000000 1.0000000000 1.0000000000 1.0000000000 1.0000000000 1.0000000000 1.0000000000 1.0000000000 1.0000000000 1.0000000000]	Fitness: 0.0000000000
Random Seed: 18520080	Solution: [-0.7359563064 0.5402242299 0.3022278187 0.1092467452 -0.0862627499 0.0506593754 -0.3686788987 0.5824812178 0.4699730793 0.2418831932]	Fitness: 45.5848309816
Random Seed: 18520081	Solution: [0.9014261762 0.7274372866 0.5222142782 0.3069840612 0.0694412964 -1.0830574369 1.4581229615 2.0345622993 4.0928315236 16.7453153457]	Fitness: 145.2880596224
