Random Seed: 18520072	Solution: [1 1 1 1 1 1 1 1 1 1]	Fitness: 0.0000000000
Random Seed: 18520073	Solution: [0.9553272821 0.9124164345 0.8318956728 0.6906745488 0.4737960122 0.2155153542 0.0074422893 -3.2872462858 11.3125175805 128.0000000000]	Fitness: 1233.2660853822
Random Seed: 18520074	Solution: [0.7689482374 0.5729145350 0.3266322391 0.0861911164 0.0004160350 0.0038279034 0.0174717338 -0.0010302270 0.0185646165 -0.0099377630]	Fitness: 6.6044977915
Random Seed: 18520075	Solution: [0.9171423234 0.8589704397 0.7341320982 0.5253632231 0.2751082276 0.0778013378 0.0371174672 0.0594637737 0.0264414918 -0.0146248709]	Fitness: 5.0201671888
Random Seed: 18520076	Solution: [0.9972851836 0.9953653683 0.9942843152 0.9811711205 0.9724292262 0.9360823500 0.8643029691 0.7551155929 0.5561514142 0.3151212069]	Fitness: 0.3499883205
Random Seed: 18520077	Solution: [-0.7690395006 0.6163724291 0.4549620275 0.1327451054 0.0426857989 -0.0072187807 0.1753401393 0.0754269149 0.1103267564 -0.0335203880]	Fitness: 14.4068446744
Random Seed: 18520078	Solution: [1.0000000000 1.0000000000 1.0000000000 1.0000000000 1.0000000000 1.0000000000 1.0000000000 1.0000000000 1.0000000000 1.0000000000]	Fitness: 0.0000000000
Random Seed: 18520079	Solution: [-0.9985052054 0.9931611651 0.9838306861 0.9663041892 0.9141453916 0.8468748693 0.7140196051 0.5033699026 0.2446328359 0.0616544046]	Fitness: 4.9918194863
Random Seed: 18520080	Solution: [0.5350125825 0.1215429396 -0.9479317137 0.3215616385 -0.9129868933 1.0407663427 0.4990446459 0.1602591688 -1.6521700856 2.5751425771]	Fitness: 571.9976948926
Random Seed: 18520081	Solution: [-0.0185238381 -0.0105717372 0.0340053011 0.0069603962 0.0011647959 0.0253201575 -0.0023646535 0.0080719723 0.0249415470 0.0064632575]	Fitness: 9.1320807551
