Random Seed: 18520072	Solution: [-0.993263 0.996606 0.998241 0.998988 0.999226 0.999074 0.998454 0.997056 0.994179 0.988393]	Fitness: 3.9865791123
Random Seed: 18520073	Solution: [1.0000000000 1.0000000000 1.0000000000 1.0000000000 1.0000000000 1.0000000000 1.0000000000 1.0000000000 1.0000000000 1.0000000000]	Fitness: 0.0000000000
Random Seed: 18520074	Solution: [1.0000000000 1.0000000000 1.0000000000 1.0000000000 1.0000000000 1.0000000000 1.0000000000 1.0000000000 1.0000000000 1.0000000000]	Fitness: 0.0000000000
Random Seed: 18520075	Solution: [1.0000000000 1.0000000000 1.0000000000 1.0000000000 1.0000000000 1.0000000000 1.0000000000 1.0000000000 1.0000000000 1.0000000000]	Fitness: 0.0000000000
Random Seed: 18520076	Solution: [-0.9953929300 0.9969325921 0.9888842511 0.9831687787 0.9610925141 0.9284131381 0.8563544721 0.7273227431 0.5301175774 0.2680882100]	Fitness: 4.3423465142
Random Seed: 18520077	Solution: [1.0000000000 1.0000000000 1.0000000000 1.0000000000 1.0000000000 1.0000000000 1.0000000000 1.0000000000 1.0000000000 1.0000000000]	Fitness: 0.0000000000
Random Seed: 18520078	Solution: [0.9833449582 0.9359090907 0.8906221463 0.7878809682 0.6174638147 0.3935189081 0.1677881221 0.0347254627 0.0313339147 0.0186046556]	Fitness: 3.4180145754
Random Seed: 18520079	Solution: [-0.9932633728 0.9966060394 0.9982406110 0.9989884335 0.9992261532 0.9990736477 0.9984541775 0.9970562514 0.9941793749 0.9883926292]	Fitness: 3.9865791123
Random Seed: 18520080	Solution: [1.0000000000 1.0000000000 1.0000000000 1.0000000000 1.0000000000 1.0000000000 1.0000000000 1.0000000000 1.0000000000 1.0000000000]	Fitness: 0.0000000000
Random Seed: 18520081	Solution: [1.0000000000 1.0000000000 1.0000000000 1.0000000000 1.0000000000 1.0000000000 1.0000000000 1.0000000000 1.0000000000 1.0000000000]	Fitness: 0.0000000000
